3 9 11 13 26 34 
3 9 11 13 26 42 
3 9 11 13 34 42 
3 9 11 26 34 42 
3 9 11 26 34 47 
3 9 11 26 42 47 
3 9 11 34 42 47 
3 9 13 26 34 42 
3 9 13 26 34 47 
3 9 13 26 42 47 
3 9 13 34 42 47 
3 9 26 34 42 47 
3 11 13 26 34 42 
3 11 13 26 34 47 
3 11 13 26 42 47 
3 11 13 34 42 47 
3 11 26 34 42 47 
3 13 26 34 42 47 
9 11 13 26 34 42 
9 11 13 26 34 47 
9 11 13 26 42 47 
9 11 13 34 42 47 
9 11 26 34 42 47 
9 13 26 34 42 47 
11 13 26 34 42 47 
3 9 11 13 26 34 
3 9 11 13 26 42 
3 9 11 13 34 42 
3 9 11 26 34 42 
3 9 11 26 34 47 
3 9 11 26 42 47 
3 9 11 34 42 47 
3 9 13 26 34 42 
3 9 13 26 34 47 
3 9 13 26 42 47 
3 9 13 34 42 47 
3 9 26 34 42 47 
3 11 13 26 34 42 
3 11 13 26 34 47 
3 11 13 26 42 47 
3 11 13 34 42 47 
3 11 26 34 42 47 
3 13 26 34 42 47 
9 11 13 26 34 42 
9 11 13 26 34 47 
9 11 13 26 42 47 
9 11 13 34 42 47 
9 11 26 34 42 47 
9 13 26 34 42 47 
11 13 26 34 42 47 
3 9 11 13 26 34 
3 9 11 13 26 42 
3 9 11 13 34 42 
3 9 11 26 34 42 
3 9 11 26 34 47 
3 9 11 26 42 47 
3 9 11 34 42 47 
3 9 13 26 34 42 
3 9 13 26 34 47 
3 9 13 26 42 47 
3 9 13 34 42 47 
3 9 26 34 42 47 
3 11 13 26 34 42 
3 11 13 26 34 47 
3 11 13 26 42 47 
3 11 13 34 42 47 
3 11 26 34 42 47 
3 13 26 34 42 47 
9 11 13 26 34 42 
9 11 13 26 34 47 
9 11 13 26 42 47 
9 11 13 34 42 47 
9 11 26 34 42 47 
9 13 26 34 42 47 
11 13 26 34 42 47 
